Kiss Péter;4;0;0;4;2;1;4;2;0;3;2;5;1;5;2
Nagy Anna;4;0;4;0;5;0;0;3;1;4;5;2;3;3;5
Tóth Balázs;1;5;2;1;4;1;0;2;3;1;4;5;0;2;1
Szabó Gábor;2;2;2;5;2;2;1;2;0;2;4;2;4;0;3
Varga Dóra;4;0;4;0;1;3;3;0;0;0;4;4;0;5;1
Kovács Tamás;0;0;1;5;1;2;0;4;1;3;5;2;1;4;0
Horváth Zoltán;4;1;2;0;2;4;0;5;0;4;5;2;1;5;3
Takács László;3;1;3;5;1;3;1;5;4;1;4;2;2;3;2
Farkas Ákos;0;1;1;5;1;3;2;5;2;3;0;0;1;0;2
Molnár Attila;5;4;4;4;5;3;5;2;3;3;3;2;3;5;4
Németh István;1;4;2;3;4;3;0;2;3;0;1;1;0;2;1
Simon András;3;0;4;2;1;5;3;4;3;4;0;5;3;2;3
Lakatos Gergő;0;4;0;4;1;1;3;3;2;4;4;2;0;3;3
Oláh Márk;1;5;5;2;5;3;3;1;4;5;4;5;4;5;4
Bíró Enikő;4;2;5;5;5;2;1;2;1;5;5;2;1;4;2
Fekete Krisztián;3;2;0;5;2;0;0;1;2;0;2;3;2;5;3
Juhász Erika;2;4;3;4;5;2;2;0;4;1;0;3;4;3;0
Szűcs Csaba;0;2;2;1;1;1;5;5;2;3;4;1;3;5;2
Hegedűs Máté;5;5;2;3;3;0;5;3;4;0;0;1;2;4;2
Papp Zsófia;3;1;4;2;0;0;0;0;3;2;2;5;1;0;1
Szalai Dávid;0;5;1;1;1;0;0;0;5;5;1;4;4;1;1
Kerekes Ádám;5;3;0;0;0;2;2;1;5;1;4;4;5;1;0
Barna Lilla;0;4;3;2;5;0;0;0;2;1;2;1;4;2;4
Török Gábor;2;1;5;1;2;5;5;0;0;5;3;4;2;0;2
Pintér Levente;2;1;4;5;4;3;1;2;1;0;5;3;3;5;3
Balogh Réka;1;4;4;0;5;2;5;3;5;1;1;3;2;2;2
Lukács Roland;2;3;5;0;5;1;2;5;3;1;1;5;3;1;3
Kiss Dénes;2;1;1;2;4;5;5;1;1;5;2;3;5;3;3
Tóth Nikolett;5;4;5;5;4;1;3;3;0;2;4;4;1;5;3
Varga Kornél;3;1;2;2;5;0;2;0;4;2;3;2;4;0;2
Hajdu Viktor;4;3;2;0;1;2;0;4;3;1;4;4;1;5;5
Fodor Laura;1;3;2;3;2;1;0;3;4;2;3;4;0;2;1
Kerekes István;5;4;3;3;4;1;2;1;4;1;2;3;5;0;0
Gulyás Emese;2;0;0;4;1;5;0;1;3;1;3;5;3;3;3
Oláh Bence;4;0;1;2;2;5;0;3;1;4;4;2;3;1;0
Rácz Ferenc;3;0;2;3;0;2;3;1;1;1;5;3;5;2;0
Somogyi Márton;1;4;4;0;3;2;1;3;4;1;1;3;5;0;2
Kárpáti Tamara;2;2;5;3;3;3;2;0;2;0;0;4;0;0;3
Pataki Áron;2;1;0;0;2;0;4;2;4;4;2;2;4;2;5
Csorba Tamás;5;4;0;4;5;2;3;2;5;3;4;3;1;0;2
Dénes Noémi;3;1;3;1;4;5;2;4;4;2;4;5;0;5;0
Orosz Vivien;0;4;4;2;1;2;3;2;0;0;4;4;1;3;3
Hajdu Márton;2;2;2;2;0;1;5;3;3;5;2;5;2;2;1
Vajda László;3;2;3;4;2;0;5;4;5;5;0;4;3;0;0
Békési Kata;1;1;0;1;5;1;2;4;4;5;1;0;1;3;4
Katona Viktor;3;1;0;5;3;1;1;2;0;2;3;3;3;3;5
Kelemen Dóra;2;2;2;2;4;1;5;1;2;5;0;4;4;5;1
Hegyi Bence;5;4;1;0;2;5;4;3;3;4;5;5;5;4;1
Takács Enikő;3;5;0;5;3;5;4;4;4;3;4;5;3;5;2
Pintér Ádám;3;2;2;5;3;5;1;3;1;0;3;4;4;4;4
